I 18
1 4
1 5
1 0
2 0 0
3 0 0 0
1 1
2 1 1
3 1 1 1
1 3
2 3 0
3 3 0 0
4 3 0 0 0
5 3 0 0 0 0
1 2
2 2 1
3 2 1 1
4 2 1 1 1
5 2 1 1 1 1
J 35
1 4
1 5
1 0
2 0 0
3 0 0 0
1 1
2 1 1
3 1 1 1
4 1 1 1 1
1 2
2 2 1
3 2 1 1
4 2 1 1 1
5 2 1 1 1 1
2 2 0
3 2 0 0
4 2 0 0 0
5 2 0 0 0 0
1 3
2 3 0
3 3 0 0
4 3 0 0 0
2 3 1
3 3 1 1
4 3 1 1 1
5 3 1 1 1 1
6 3 1 1 1 1 1
2 3 3
3 3 3 0
4 3 3 0 0
5 3 3 0 0 0
3 3 3 1
4 3 3 1 1
5 3 3 1 1 1
6 3 3 1 1 1 1
L 35
1 4
1 5
1 0
2 0 0
3 0 0 0
1 1
2 1 1
3 1 1 1
4 1 1 1 1
1 2
2 2 1
3 2 1 1
4 2 1 1 1
5 2 1 1 1 1
2 2 0
3 2 0 0
4 2 0 0 0
5 2 0 0 0 0
1 3
2 3 0
3 3 0 0
4 3 0 0 0
2 3 1
3 3 1 1
4 3 1 1 1
5 3 1 1 1 1
6 3 1 1 1 1 1
2 3 3
3 3 3 0
4 3 3 0 0
5 3 3 0 0 0
3 3 3 1
4 3 3 1 1
5 3 3 1 1 1
6 3 3 1 1 1 1
S 18
1 4
1 5
1 0
2 0 0
3 0 0 0
1 1
2 1 1
3 1 1 1
4 1 1 1 1
1 3
2 3 0
3 3 0 0
4 3 0 0 0
1 2
2 2 1
3 2 1 1
4 2 1 1 1
5 2 1 1 1 1
Z 18
1 4
1 5
1 0
2 0 0
3 0 0 0
1 1
2 1 1
3 1 1 1
4 1 1 1 1
1 2
2 2 1
3 2 1 1
4 2 1 1 1
5 2 1 1 1 1
1 3
2 3 0
3 3 0 0
4 3 0 0 0
O 10
1 4
1 5
1 0
2 0 0
3 0 0 0
4 0 0 0 0
1 1
2 1 1
3 1 1 1
4 1 1 1 1
T 35
1 4
1 5
1 0
2 0 0
3 0 0 0
1 1
2 1 1
3 1 1 1
4 1 1 1 1
1 2
2 2 1
3 2 1 1
4 2 1 1 1
5 2 1 1 1 1
2 2 0
3 2 0 0
4 2 0 0 0
5 2 0 0 0 0
1 3
2 3 0
3 3 0 0
4 3 0 0 0
2 3 1
3 3 1 1
4 3 1 1 1
5 3 1 1 1 1
6 3 1 1 1 1 1
2 3 3
3 3 3 0
4 3 3 0 0
5 3 3 0 0 0
3 3 3 1
4 3 3 1 1
5 3 3 1 1 1
6 3 3 1 1 1 1